<<<<<<< HEAD
#create R variable 
x<-5
=======
#create R variable 
x<-5
>>>>>>> b6fd1a45551c7dc6392e2e21fd6edb680fe4958f
x